slots: base t6 t2 t5 t8 baseAA dsp0 cw4t baseAB t4 t7 t3
30 processes over 6 link orderings

=== ABSOLUTE ns/call (min over all 30 processes) ===
bytes      base       t6       t2       t5       t8   baseAA     dsp0     cw4t   baseAB       t4       t7       t3
16       23.323   12.236   12.264   12.265   12.309   23.327   23.365   12.547   23.303   12.303   12.296   12.298
32       23.393   13.300   13.353   13.264   13.301   23.353   23.344   13.218   23.353   13.390   13.310   13.378
48       24.239   13.681   24.191   13.698   13.664   24.227   24.194   14.080   24.226   13.694   13.692   13.698
64       25.099   14.836   25.103   14.831   14.866   25.095   25.094   15.516   25.101   14.844   14.866   25.091
80       25.973   16.705   25.986   16.572   16.629   25.977   25.979   19.481   25.985   25.982   16.638   25.963
96       26.880   18.702   26.864   26.892   18.774   26.842   26.873   22.029   26.861   26.873   18.780   26.827
112      27.443   27.475   27.405   27.410   20.842   27.331   27.384   24.758   27.358   27.400   20.822   27.452
128      25.357   25.377   25.372   25.546   22.712   25.357   25.376   25.398   25.390   25.413   25.377   25.375
256      45.412   45.333   45.287   45.318   45.284   45.327   45.186   45.319   45.324   45.347   45.276   45.125
512      83.871   84.233   84.344   83.980   83.019   83.518   82.881   83.314   83.862   84.061   83.861   84.359
1024    161.611  160.792  161.340  161.681  161.405  161.561  161.506  160.373  161.272  161.135  161.439  161.476
4096    628.566  628.170  626.992  628.398  628.001  628.197  627.529  628.280  627.630  627.564  627.181  627.277

=== DELTA % vs base : median of the 30 per-process best-deltas ===
bytes        t6       t2       t5       t8   baseAA     dsp0     cw4t   baseAB       t4       t7       t3
16       -51.35   -51.39   -51.32   -51.34    -0.03    +0.30   -50.44    +0.12   -51.27   -51.25   -51.33
32       -43.04   -42.85   -43.11   -43.11    -0.09    -0.17   -43.16    -0.06   -42.75   -42.90   -42.76
48       -43.38    -0.18   -43.39   -43.61    -0.02    -0.19   -41.82    -0.00   -43.39   -43.53   -43.42
64       -40.91    -0.02   -40.94   -40.82    -0.03    -0.03   -38.20    +0.05   -40.90   -40.81    -0.06
80       -35.62    +0.02   -36.20   -35.99    +0.00    +0.02   -25.01    +0.01    +0.01   -35.95    +0.01
96       -30.29    -0.02    -0.00   -30.21    -0.04    -0.03   -18.12    -0.06    +0.01   -30.21    -0.01
112       +0.15    +0.19    +0.15   -24.07    -0.03    +0.13    -9.77    -0.05    +0.18   -24.15    +0.12
128       +0.84    +0.82    +0.85    -9.62    +0.55    +0.78    +0.82    +0.65    +0.81    +0.81    +0.79
256       -0.27    -0.31    -0.18    -0.27    -0.19    -0.24    -0.20    -0.12    -0.20    -0.21    -0.29
512       -0.14    -0.08    -0.09    -0.13    -0.16    -0.13    -0.17    -0.13    -0.10    -0.10    -0.09
1024      -0.14    -0.09    -0.08    -0.10    -0.11    -0.11    -0.12    -0.09    -0.12    -0.13    -0.07
4096      -0.04    -0.03    -0.04    -0.04    -0.04    -0.05    -0.04    -0.03    -0.05    -0.03    -0.03

=== A/A NOISE FLOOR (base vs the same object again) ===
bytes     AA med    AB med  worst|d|  dsp0 med
16         -0.03     +0.12      7.76     +0.30
32         -0.09     -0.06      0.77     -0.17
48         -0.02     -0.00      1.01     -0.19
64         -0.03     +0.05      0.72     -0.03
80         +0.00     +0.01      0.15     +0.02
96         -0.04     -0.06      0.29     -0.03
112        -0.03     -0.05      0.64     +0.13
128        +0.55     +0.65      0.92     +0.78
256        -0.19     -0.12      0.83     -0.24
512        -0.16     -0.13      1.14     -0.13
1024       -0.11     -0.09      0.40     -0.11
4096       -0.04     -0.03      0.19     -0.05

=== DELTA % vs base, PER LINK ORDERING (median of 5 processes each) ===
  t6            16      32      48      64      80      96     112     128     256     512    1024    4096
   order1   -51.33  -42.85  -43.57  -40.94  -35.69  -30.28   +0.20   +0.86   -0.42   -0.14   -0.18   -0.04
   order2   -47.70  -43.18  -43.26  -40.87  -35.55  -30.25   +0.07   +0.02   -0.38   -0.12   -0.08   -0.04
   order3   -51.43  -43.05  -43.26  -40.88  -35.55  -30.23   +0.15   +0.84   -0.15   -0.20   -0.74   -0.05
   order4   -51.44  -42.90  -43.41  -40.92  -35.71  -30.30   +0.24   +0.89   -0.23   -0.14   -0.13   -0.03
   order5   -51.39  -42.91  -43.41  -40.87  -35.68  -30.49   +0.17   +0.84   -0.24   -0.08   -0.13   -0.01
   order6   -51.35  -43.05  -43.34  -40.94  -35.57  -30.37   +0.08   +0.85   -0.30   -0.13   -0.10   -0.04
  t2            16      32      48      64      80      96     112     128     256     512    1024    4096
   order1   -51.41  -42.80   -0.19   +0.01   +0.03   -0.00   +0.25   +0.87   -0.43   -0.19   -0.29   -0.20
   order2   -47.65  -42.78   -0.17   -0.11   +0.01   -0.14   +0.13   +0.78   -0.22   -0.07   +0.01   -0.02
   order3   -51.39  -42.88   -0.17   -0.05   +0.05   -0.07   -0.13   -0.02   +0.13   +0.17   +0.09   -0.01
   order4   -51.40  -42.81   -0.25   +0.01   +0.02   -0.04   +0.22   +0.83   -0.34   -0.08   -0.10   -0.03
   order5   -51.55  -42.92   -0.21   +0.08   +0.03   +0.01   +0.21   +0.85   -0.32   -0.11   -0.07   -0.03
   order6   -51.55  -42.88   -0.18   -0.12   -0.01   +0.00   +0.19   +0.84   -0.31   -0.21   -0.18   -0.04
  t5            16      32      48      64      80      96     112     128     256     512    1024    4096
   order1   -51.32  -43.11  -43.33  -40.96  -36.19   +0.01   +0.11   +0.88   -0.50   -0.11   -0.16   -0.09
   order2   -47.92  -43.31  -43.42  -40.94  -36.21   -0.03   +0.24   +0.86   -0.06   -0.00   +0.00   -0.01
   order3   -51.32  -43.13  -43.41  -40.93  -36.19   -0.00   +0.08   +0.79   -0.19   -0.19   -0.05   -0.03
   order4   -51.45  -42.76  -43.42  -40.87  -36.20   -0.01   +0.22   +0.83   -0.18   -0.14   -0.09   -0.03
   order5   -51.42  -42.76  -43.41  -40.84  -36.21   +0.02   +0.22   +0.82   -0.25   -0.09   -0.12   -0.02
   order6   -51.25  -43.06  -43.36  -41.02  -36.21   +0.04   +0.08   +0.85   -0.09   -0.07   -0.04   -0.06
  t8            16      32      48      64      80      96     112     128     256     512    1024    4096
   order1   -51.41  -43.16  -43.60  -40.82  -36.00  -30.22  -24.05   -9.59   -0.46   -0.22   -0.12   -0.03
   order2   -47.71  -43.16  -43.63  -40.87  -36.01  -30.26  -24.08   -9.69   -0.13   -0.06   +0.02   -0.01
   order3   -51.42  -43.16  -43.61  -40.82  -35.99  -30.21  -24.07   -9.63   -0.15   -0.13   -0.12   -0.04
   order4   -51.34  -42.93  -43.62  -40.81  -35.95  -30.17  -24.09  -10.38   -0.29   -0.11   -0.08   -0.03
   order5   -51.34  -42.87  -43.65  -40.79  -35.90  -30.17  -24.08   -9.61   -0.08   -0.04   -0.03   -0.04
   order6   -51.35  -43.05  -43.60  -40.88  -36.01  -30.21  -24.08   -9.58   -0.36   -1.44   -0.33   -0.08
  baseAA        16      32      48      64      80      96     112     128     256     512    1024    4096
   order1    +0.04   -0.19   -0.02   -0.06   +0.00   +0.05   -0.09   +0.78   -0.49   -0.93   -0.21   -0.06
   order2    +0.31   +0.08   +0.01   +0.05   +0.01   -0.02   -0.41   +0.01   -0.17   -0.14   -0.02   -0.02
   order3    -0.04   -0.02   -0.02   -0.03   -0.00   +0.00   -0.03   +0.54   +0.05   -0.12   -0.12   -0.04
   order4    -0.05   -0.15   -0.07   -0.02   +0.00   -0.07   -0.08   +0.79   -0.32   -0.14   -0.16   -0.06
   order5    -0.06   -0.21   -0.00   +0.07   +0.05   -0.13   +0.01   -0.00   +0.00   -0.16   -0.06   -0.04
   order6    -0.13   -0.04   -0.05   -0.15   -0.03   -0.09   -0.03   +0.55   -0.15   -0.16   -0.14   -0.05
  dsp0          16      32      48      64      80      96     112     128     256     512    1024    4096
   order1    -4.20   -0.23   -0.19   -0.02   +0.02   -0.04   +0.12   +0.76   -0.49   -0.14   -0.13   -0.13
   order2    +5.85   -0.12   -0.19   -0.06   +0.04   -0.05   +0.19   +0.84   -0.17   -0.17   -0.13   -0.06
   order3    +0.24   -0.16   -0.22   -0.06   +0.02   +0.00   +0.16   +0.79   +0.02   -0.32   -0.13   -0.03
   order4    +0.34   -0.19   -0.16   -0.00   +0.00   +0.05   +0.13   +0.09   -0.16   -0.04   -0.08   -0.06
   order5    +0.31   -0.17   -0.16   +0.04   +0.05   +0.07   +0.14   +0.80   -0.37   -0.04   -0.07   -0.05
   order6    +0.24   -0.22   -0.21   -0.19   +0.02   -0.10   -0.23   +0.85   -0.28   -0.09   -0.10   -0.04
  cw4t          16      32      48      64      80      96     112     128     256     512    1024    4096
   order1   -50.44  -43.50  -41.77  -38.20  -25.01  -18.08   -9.75   +0.86   -0.44   -0.12   -0.17   -0.05
   order2   -46.73  -43.13  -41.94  -38.26  -25.01  -18.21   -9.78   +0.78   -0.28   -0.12   -0.06   -0.05
   order3   -50.44  -43.52  -41.77  -38.18  -24.82  -18.06   -9.76   +0.85   +0.17   -0.22   -0.30   -0.04
   order4   -50.51  -43.01  -41.83  -38.22  -25.01  -18.15   -9.78   +0.77   -0.36   -0.10   -0.25   -0.07
   order5   -50.47  -42.98  -41.88  -38.16  -24.98  -18.14   -9.78   +0.71   -0.11   -0.09   -0.05   -0.04
   order6   -50.38  -43.34  -41.75  -38.25  -25.02  -18.11   -9.77   +0.87   -0.06   -0.22   -0.07   -0.04
  baseAB        16      32      48      64      80      96     112     128     256     512    1024    4096
   order1    +0.03   -0.00   +0.07   +0.00   +0.03   -0.11   +0.03   +0.62   -0.09   -0.13   -0.10   -0.05
   order2    -0.14   -0.23   -0.08   -0.17   +0.01   -0.19   -0.08   +0.64   -0.07   -0.13   -0.06   -0.11
   order3    +0.06   +0.03   +0.08   +0.08   +0.05   +0.04   +0.03   +0.54   +0.15   -0.12   -0.13   -0.02
   order4    +0.04   -0.06   -0.08   -0.06   -0.01   -0.12   -0.06   +0.65   -0.15   -0.12   -0.15   -0.02
   order5    +0.12   -0.20   -0.03   +0.14   +0.02   -0.16   -0.34   +0.76   -0.01   -0.15   -0.08   -0.03
   order6    +0.28   +0.02   +0.06   +0.07   +0.01   +0.07   -0.04   +0.83   -0.30   -0.13   -0.04   -0.02
  t4            16      32      48      64      80      96     112     128     256     512    1024    4096
   order1   -51.17  -42.79  -43.28  -40.90   +0.04   +0.06   +0.09   +0.84   +0.03   -0.14   -0.08   -0.03
   order2   -47.61  -42.78  -43.55  -40.90   +0.00   -0.16   +0.08   +0.81   -0.22   -0.06   -0.04   -0.04
   order3   -51.36  -42.70  -43.38  -40.91   +0.02   +0.04   +0.21   +0.56   -0.20   +0.03   -0.06   +0.01
   order4   -51.35  -42.70  -43.31  -40.90   +0.05   +0.05   +0.24   +0.87   -0.20   -0.14   -0.13   -0.09
   order5   -51.11  -42.75  -43.54  -40.81   +0.04   -0.12   -0.20   +0.72   -0.10   -0.09   -0.27   -0.08
   order6   -51.30  -42.69  -43.33  -40.96   -0.00   -0.04   +0.21   +0.85   -0.27   -0.15   -0.13   -0.07
  t7            16      32      48      64      80      96     112     128     256     512    1024    4096
   order1   -51.26  -43.13  -43.53  -40.78  -35.95  -30.20  -24.13   +0.03   -0.63   -0.06   -0.18   -0.05
   order2   -47.63  -42.90  -43.52  -40.87  -35.92  -30.22  -24.15   +0.84   -0.39   -0.19   -0.20   -0.01
   order3   -51.25  -42.92  -43.53  -40.81  -35.97  -30.22  -24.15   +0.03   -0.22   -0.04   +0.04   -0.02
   order4   -51.34  -42.86  -43.53  -40.81  -35.93  -30.21  -24.16   +0.83   -0.20   -0.09   -0.15   -0.05
   order5   -51.35  -42.79  -43.52  -40.78  -35.91  -30.19  -24.15   +0.85   -0.03   -0.08   -0.06   -0.00
   order6   -51.13  -42.92  -43.53  -40.86  -35.97  -30.23  -24.16   +0.81   -0.03   -0.19   -0.06   -0.03
  t3            16      32      48      64      80      96     112     128     256     512    1024    4096
   order1   -51.35  -42.79  -43.37   -0.05   +0.02   -0.12   +0.13   +0.71   -0.31   -0.12   -0.08   -0.03
   order2   -47.59  -42.72  -43.46   -0.10   +0.00   -0.04   +0.02   +0.83   -0.38   -0.12   -0.22   -0.09
   order3   -51.46  -42.71  -43.50   -0.10   -0.06   +0.01   +0.11   +0.01   -0.02   -0.09   -0.02   -0.03
   order4   -51.46  -42.72  -43.41   -0.04   -0.01   -0.05   +0.12   +0.80   -0.30   -0.07   -0.15   -0.04
   order5   -51.32  -42.79  -43.38   -0.02   +0.03   +0.03   +0.09   +0.80   -0.28   -0.07   -0.06   -0.05
   order6   -51.24  -42.79  -43.44   -0.11   +0.01   -0.01   +0.20   +0.83   -0.29   -0.14   -0.10   -0.01

=== CYCLES (min ns x 2.7927 GHz) ===
bytes      base       t6       t2       t5       t8   baseAA     dsp0     cw4t   baseAB       t4       t7       t3
16        65.13    34.17    34.25    34.25    34.38    65.15    65.25    35.04    65.08    34.36    34.34    34.34
32        65.33    37.14    37.29    37.04    37.15    65.22    65.19    36.91    65.22    37.39    37.17    37.36
48        67.69    38.21    67.56    38.25    38.16    67.66    67.57    39.32    67.66    38.24    38.24    38.25
64        70.09    41.43    70.11    41.42    41.52    70.08    70.08    43.33    70.10    41.45    41.52    70.07
80        72.53    46.65    72.57    46.28    46.44    72.55    72.55    54.40    72.57    72.56    46.46    72.51
96        75.07    52.23    75.02    75.10    52.43    74.96    75.05    61.52    75.01    75.05    52.45    74.92
112       76.64    76.73    76.53    76.55    58.21    76.33    76.48    69.14    76.40    76.52    58.15    76.67
128       70.81    70.87    70.86    71.34    63.43    70.81    70.87    70.93    70.91    70.97    70.87    70.86
256      126.82   126.60   126.47   126.56   126.46   126.58   126.19   126.56   126.58   126.64   126.44   126.02
512      234.23   235.24   235.55   234.53   231.85   233.24   231.46   232.67   234.20   234.76   234.20   235.59
1024     451.33   449.04   450.57   451.53   450.76   451.19   451.04   447.87   450.38   450.00   450.85   450.95
4096    1755.40  1754.29  1751.00  1754.93  1753.82  1754.37  1752.50  1754.60  1752.78  1752.60  1751.53  1751.80
