
================ GV3b  (ns/op, min of 8 reps; AD = 13 bytes) ================

  open = DECRYPT
    variant        16       32       64      128      256      512     1024     4096
    A           109.9    111.6    113.5    132.6    164.9    215.6    302.6    816.7
    B           121.2    123.3    126.4    127.2    156.4    209.2    295.1    813.9
    C           107.5    108.7    110.5    126.7    155.9    210.6    296.2    809.3
    C vs A%      -2.2     -2.5     -2.6     -4.5     -5.5     -2.3     -2.1     -0.9
    C vs B%     -11.3    -11.8    -12.5     -0.5     -0.3     +0.6     +0.4     -0.6
    C-A ns       -2.4     -2.8     -2.9     -6.0     -9.0     -5.0     -6.4     -7.4
    spread%      1.93     1.82     1.78     1.56     1.36     0.94     2.20     0.67

  seal = encrypt
    variant        16       32       64      128      256      512     1024     4096
    A            99.5    101.4    105.9    123.2    150.6    193.6    281.9    810.4
    B           112.0    112.9    116.1    125.4    148.8    193.0    281.3    809.2
    C           112.2    112.9    116.4    125.7    148.9    193.6    281.3    809.5
    C vs A%     +12.8    +11.4    +10.0     +2.1     -1.1     +0.0     -0.2     -0.1
    C vs B%      +0.2     +0.0     +0.3     +0.3     +0.1     +0.3     +0.0     +0.0
    C-A ns      +12.8    +11.6    +10.6     +2.5     -1.6     +0.0     -0.6     -1.0
    spread%      4.03     3.41     3.05     2.55     1.64     1.69     1.03     0.60
