
================ GV5v3  (ns/op, min of 5 reps; AD = 13 bytes) ================

  open = DECRYPT
    variant        16       32       64      128      256      512     1024     4096
    A            83.9     85.4     85.6     96.4    118.3    151.8    220.0    628.4
    B            86.6     88.3     90.2     90.4    108.2    142.0    210.3    618.8
    C            82.8     83.6     83.7     88.4    108.3    142.2    210.4    618.7
    C vs A%      -1.4     -2.2     -2.2     -8.3     -8.4     -6.3     -4.3     -1.5
    C vs B%      -4.5     -5.3     -7.2     -2.2     +0.1     +0.1     +0.0     -0.0
    C-A ns       -1.2     -1.8     -1.9     -8.0    -10.0     -9.6     -9.6     -9.7
    spread%      1.11     0.65     0.64     0.75     1.01     1.02     0.66     0.28

  seal = encrypt
    variant        16       32       64      128      256      512     1024     4096
    A            76.0     77.6     78.5     90.6    109.6    143.9    211.9    620.4
    B            80.4     81.9     84.6     92.6    109.5    143.7    211.7    620.2
    C            80.4     82.0     84.7     92.5    109.3    143.7    211.8    620.2
    C vs A%      +5.8     +5.7     +7.8     +2.1     -0.3     -0.1     -0.1     -0.0
    C vs B%      -0.0     +0.1     +0.1     -0.1     -0.2     -0.0     +0.0     -0.0
    C-A ns       +4.4     +4.4     +6.1     +1.9     -0.3     -0.2     -0.2     -0.2
    spread%      2.12     2.15     1.95     1.63     1.01     0.69     0.50     0.19
