
================ GV3  (ns/op, min of 5 reps; AD = 13 bytes) ================

  open = DECRYPT
    variant        16       32       64      128      256      512     1024     4096
    A           109.8    111.3    113.4    132.7    164.8    215.1    302.5    816.9
    B           120.5    122.6    125.5    126.5    155.2    207.6    294.1    812.7
    C           107.8    108.8    110.8    126.7    156.1    210.5    296.3    809.5
    C vs A%      -1.9     -2.3     -2.3     -4.5     -5.3     -2.1     -2.1     -0.9
    C vs B%     -10.6    -11.2    -11.8     +0.2     +0.6     +1.4     +0.8     -0.4
    C-A ns       -2.0     -2.5     -2.6     -5.9     -8.7     -4.6     -6.2     -7.3
    spread%      2.04     2.05     1.95     1.53     1.46     1.25     1.16     0.62

  seal = encrypt
    variant        16       32       64      128      256      512     1024     4096
    A            99.4    101.2    105.9    123.2    150.1    193.6    281.8    810.5
    B           112.1    112.9    116.4    125.8    149.2    193.2    281.5    809.9
    C           112.2    112.7    116.3    125.6    149.0    193.3    281.0    809.9
    C vs A%     +12.9    +11.4     +9.8     +1.9     -0.7     -0.2     -0.3     -0.1
    C vs B%      +0.1     -0.1     -0.1     -0.2     -0.1     +0.0     -0.2     -0.0
    C-A ns      +12.8    +11.5    +10.4     +2.4     -1.1     -0.3     -0.8     -0.6
    spread%      4.07     3.57     3.08     2.59     2.46     1.68     1.14     0.42

================ GV4  (ns/op, min of 5 reps; AD = 13 bytes) ================

  open = DECRYPT
    variant        16       32       64      128      256      512     1024     4096
    A            99.4    100.5    100.9    116.7    142.5    188.6    262.3    729.6
    B           104.9    106.4    109.3    109.9    132.4    174.1    251.6    718.4
    C            96.8     98.0     99.6    107.4    132.3    173.8    251.7    718.4
    C vs A%      -2.6     -2.4     -1.3     -8.0     -7.2     -7.8     -4.0     -1.5
    C vs B%      -7.6     -7.9     -8.8     -2.2     -0.1     -0.2     +0.0     -0.0
    C-A ns       -2.5     -2.4     -1.3     -9.3    -10.2    -14.8    -10.6    -11.2
    spread%      1.27     0.85     0.95     0.90     0.55     0.58     0.08     0.09

  seal = encrypt
    variant        16       32       64      128      256      512     1024     4096
    A            89.6     91.8     93.7    109.4    133.7    176.6    255.5    734.8
    B            98.4     99.8    102.1    110.1    132.7    175.5    254.5    734.1
    C            98.1     99.4    101.6    109.8    132.4    174.7    254.3    733.8
    C vs A%      +9.4     +8.3     +8.5     +0.4     -1.0     -1.1     -0.5     -0.1
    C vs B%      -0.3     -0.4     -0.5     -0.3     -0.2     -0.5     -0.1     -0.0
    C-A ns       +8.4     +7.6     +8.0     +0.4     -1.3     -1.9     -1.2     -1.0
    spread%      3.06     3.35     3.08     2.73     2.59     1.98     1.26     0.40

================ GV5  (ns/op, min of 5 reps; AD = 13 bytes) ================

  open = DECRYPT
    variant        16       32       64      128      256      512     1024     4096
    A            84.2     85.3     85.5     96.8    119.2    163.5    252.5    786.6
    B            84.0     85.2     85.4     96.6    119.0    163.5    252.4    786.4
    C            84.3     85.5     85.5     96.7    119.1    163.5    252.6    786.6
    C vs A%      +0.2     +0.1     +0.1     -0.1     -0.1     +0.0     +0.1     +0.0
    C vs B%      +0.3     +0.3     +0.2     +0.0     +0.1     -0.0     +0.1     +0.0
    C-A ns       +0.1     +0.1     +0.1     -0.1     -0.1     +0.0     +0.1     +0.0
    spread%      0.79     0.87     0.91     0.39     0.30     0.34     0.24     0.07

  seal = encrypt
    variant        16       32       64      128      256      512     1024     4096
    A            75.7     77.3     78.1     90.1    113.5    160.5    254.5    817.9
    B            76.1     77.9     78.7     90.5    114.0    161.1    255.0    818.4
    C            75.7     77.3     78.2     90.2    113.6    160.6    254.4    818.0
    C vs A%      -0.0     -0.0     +0.0     +0.1     +0.0     +0.1     -0.0     +0.0
    C vs B%      -0.5     -0.8     -0.6     -0.4     -0.4     -0.3     -0.2     -0.0
    C-A ns       -0.0     -0.0     +0.0     +0.1     +0.0     +0.1     -0.1     +0.0
    spread%      2.54     2.58     2.43     2.14     1.65     1.20     0.76     0.25
