slots: ['base', 'baseAA', 'awslcfb', 'awslc8x', 'tuned', 'fuse8']

=== ABSOLUTE ns/call (min over 3 processes) ===
host  bytes        base     baseAA    awslcfb    awslc8x      tuned      fuse8
GV3   16         26.153     26.201     20.248     28.791     13.882     19.425
GV3   32         26.443     26.495     21.696     29.135     14.843     20.581
GV3   48         27.637     27.723     23.310     30.050     15.467     21.687
GV3   64         28.914     28.882     23.832     31.412     17.055     22.705
GV3   80         29.956     29.980     35.725     32.977     19.531     23.854
GV3   96         30.909     30.857     37.372     35.687     21.543     24.813
GV3   112        31.810     31.690     38.273     37.284     24.622     26.158
GV3   128        30.093     29.901     39.310     38.789     27.112     27.122
GV3   256        52.189     52.343     69.347     62.140     51.989     52.068
GV3   512        94.704     95.147    130.428    104.641     94.440     94.469
GV3   1024      179.600    180.755    252.103    189.632    179.545    179.618
GV3   4096      692.726    694.343    983.514    700.206    692.201    690.990

GV4   16         23.311     23.291     18.163     25.529     12.339     17.490
GV4   32         23.410     23.377     20.575     25.667     13.370     18.108
GV4   48         24.238     24.254     21.560     26.251     13.669     18.964
GV4   64         25.107     25.115     21.465     27.415     14.872     19.467
GV4   80         25.986     25.994     32.111     29.432     16.649     20.524
GV4   96         26.941     26.861     33.031     30.527     18.794     21.185
GV4   112        27.455     27.349     34.057     31.914     20.843     22.321
GV4   128        25.362     25.574     34.464     32.817     22.911     22.922
GV4   256        45.456     45.408     60.845     55.370     45.291     45.320
GV4   512        84.305     84.425    114.158     94.230     84.438     84.457
GV4   1024      161.958    161.958    220.761    171.742    162.046    161.631
GV4   4096      628.058    628.823    861.635    639.119    628.836    628.572

GV5   16         19.621     19.624     15.671     21.686     10.532     15.152
GV5   32         19.639     19.641     17.754     21.777     11.337     16.062
GV5   48         20.356     20.358     18.410     22.143     11.186     16.365
GV5   64         20.948     20.950     18.309     22.609     12.156     16.671
GV5   80         21.601     21.604     26.802     23.601     13.602     17.578
GV5   96         22.378     22.377     27.852     24.896     15.639     18.187
GV5   112        22.833     22.846     28.400     25.886     17.526     18.607
GV5   128        21.449     21.457     28.557     26.452     19.736     19.737
GV5   256        38.167     38.169     50.566     44.350     38.170     38.167
GV5   512        71.089     71.112     94.921     78.215     71.124     71.116
GV5   1024      138.500    138.495    183.615    146.116    138.500    138.501
GV5   4096      546.860    546.860    716.964    554.798    546.836    546.835

r8g   16         23.310     23.296     18.134     25.559     12.338     17.495
r8g   32         23.399     23.365     20.567     25.584     13.371     18.109
r8g   48         24.239     24.235     21.556     26.212     13.679     19.076
r8g   64         25.119     25.110     21.464     27.296     14.871     19.466
r8g   80         25.985     25.989     31.993     29.371     16.645     20.540
r8g   96         26.925     26.923     33.018     30.497     18.797     21.389
r8g   112        27.454     27.353     34.051     31.880     20.848     22.315
r8g   128        25.361     25.569     34.451     32.820     22.737     22.997
r8g   256        45.450     45.389     61.771     55.367     45.280     45.341
r8g   512        84.432     84.251    114.125     94.071     84.358     84.460
r8g   1024      161.964    161.913    220.787    171.678    161.625    161.796
r8g   4096      628.474    628.784    861.732    638.724    628.797    628.686

=== DELTA %% vs slot0 (base = our HEAD kernel); median of per-process best-deltas ===
host  bytes     baseAA   awslcfb   awslc8x     tuned     fuse8
GV3   16         +0.03    -22.59     +9.88    -47.04    -25.46
GV3   32         +0.20    -15.22    +10.18    -43.87    -22.13
GV3   48         -0.14    -16.01     +8.26    -44.28    -21.31
GV3   64         -0.11    -17.49     +9.07    -41.01    -21.32
GV3   80         +0.08    +20.30    +10.16    -34.40    -20.06
GV3   96         -0.16    +20.95    +15.58    -30.11    -19.13
GV3   112        -0.29    +20.38    +17.48    -22.38    -17.78
GV3   128        -0.21    +30.74    +29.00     -9.87     -9.13
GV3   256        +0.30    +33.31    +19.43     +0.01     +0.03
GV3   512        +0.67    +37.66    +10.55     -0.32     -0.25
GV3   1024       +0.81    +40.36     +5.59     -0.01     +0.08
GV3   4096       +0.11    +41.88     +0.89     -0.25     -0.25

GV4   16         -0.09    -21.92     +9.59    -47.07    -24.98
GV4   32         -0.10    -12.11     +9.64    -42.88    -22.64
GV4   48         +0.02    -11.07     +8.46    -43.64    -21.36
GV4   64         +0.07    -14.56     +9.20    -40.82    -22.52
GV4   80         +0.03    +23.56    +13.84    -35.93    -21.00
GV4   96         -0.08    +22.62    +13.38    -30.24    -20.51
GV4   112        -0.27    +24.08    +16.24    -24.08    -18.70
GV4   128        +0.80    +35.82    +29.39     -9.72     -9.52
GV4   256        -0.11    +33.99    +21.81     -0.32     -0.29
GV4   512        +0.05    +35.19    +11.78     +0.02     +0.04
GV4   1024       +0.05    +36.30     +6.05     +0.07     +0.04
GV4   4096       +0.01    +37.05     +1.74     +0.04     +0.01

GV5   16         +0.00    -19.89    +10.74    -46.31    -22.78
GV5   32         -0.01     -9.58    +10.93    -42.28    -18.23
GV5   48         +0.01     -9.54     +8.78    -45.04    -19.61
GV5   64         +0.01    -12.48     +7.92    -41.97    -20.42
GV5   80         +0.02    +24.12     +9.26    -37.03    -18.63
GV5   96         -0.00    +24.50    +11.28    -30.12    -18.58
GV5   112        +0.06    +24.36    +13.36    -23.26    -18.51
GV5   128        +0.02    +33.16    +23.35     -7.99     -7.99
GV5   256        +0.02    +32.48    +16.21     +0.01     +0.03
GV5   512        +0.01    +33.51    +10.20     +0.02     +0.02
GV5   1024       -0.01    +32.58     +5.65     +0.00     +0.01
GV5   4096       -0.00    +31.11     +1.45     +0.00     +0.00

r8g   16         -0.05    -22.14     +9.91    -47.07    -24.95
r8g   32         -0.15    -12.09     +9.65    -42.86    -22.62
r8g   48         -0.04    -11.10     +8.27    -43.60    -21.35
r8g   64         +0.04    -14.61     +9.06    -40.85    -22.55
r8g   80         +0.02    +23.27    +13.08    -35.94    -20.96
r8g   96         -0.01    +22.66    +13.43    -30.21    -20.47
r8g   112        -0.35    +24.04    +16.15    -24.06    -18.69
r8g   128        +0.77    +35.81    +29.40     -9.63     -9.00
r8g   256        -0.02    +37.49    +21.84     -0.37     -0.22
r8g   512        -0.09    +35.17    +11.55     -0.08     +0.03
r8g   1024       -0.05    +36.32     +6.02     +0.01     -0.01
r8g   4096       +0.01    +37.07     +1.62     +0.02     +0.01

=== DELTA %% of fused (tuned) vs AWS-LC AS SHIPPED (fallback <256B, 8x >=256B) ===
host  bytes     shipped      fused    delta%
GV3   16         20.248     13.882    -31.54
GV3   32         21.696     14.843    -33.83
GV3   48         23.310     15.467    -33.66
GV3   64         23.832     17.055    -28.51
GV3   80         35.725     19.531    -45.47
GV3   96         37.372     21.543    -42.22
GV3   112        38.273     24.622    -35.47
GV3   128        39.310     27.112    -31.03
GV3   256        62.140     51.989    -16.26
GV3   512       104.641     94.440     -9.84
GV3   1024      189.632    179.545     -5.32
GV3   4096      700.206    692.201     -1.13

GV4   16         18.163     12.339    -32.21
GV4   32         20.575     13.370    -35.01
GV4   48         21.560     13.669    -36.60
GV4   64         21.465     14.872    -30.73
GV4   80         32.111     16.649    -48.15
GV4   96         33.031     18.794    -43.10
GV4   112        34.057     20.843    -38.81
GV4   128        34.464     22.911    -33.52
GV4   256        55.370     45.291    -18.17
GV4   512        94.230     84.438    -10.39
GV4   1024      171.742    162.046     -5.65
GV4   4096      639.119    628.836     -1.67

GV5   16         15.671     10.532    -32.98
GV5   32         17.754     11.337    -36.15
GV5   48         18.410     11.186    -39.25
GV5   64         18.309     12.156    -33.68
GV5   80         26.802     13.602    -49.26
GV5   96         27.852     15.639    -43.87
GV5   112        28.400     17.526    -38.29
GV5   128        28.557     19.736    -30.91
GV5   256        44.350     38.170    -13.95
GV5   512        78.215     71.124     -9.21
GV5   1024      146.116    138.500     -5.34
GV5   4096      554.798    546.836     -1.43

r8g   16         18.134     12.338    -32.01
r8g   32         20.567     13.371    -34.99
r8g   48         21.556     13.679    -36.56
r8g   64         21.464     14.871    -30.72
r8g   80         31.993     16.645    -48.03
r8g   96         33.018     18.797    -43.10
r8g   112        34.051     20.848    -38.78
r8g   128        34.451     22.737    -33.47
r8g   256        55.367     45.280    -18.23
r8g   512        94.071     84.358    -10.45
r8g   1024      171.678    161.625     -5.67
r8g   4096      638.724    628.797     -1.57

=== CYCLES (min ns x clock) ===
host  bytes        base     baseAA    awslcfb    awslc8x      tuned      fuse8
GV3   16          67.77      67.90      52.47      74.61      35.97      50.34
GV3   32          68.52      68.66      56.22      75.50      38.46      53.33
GV3   48          71.62      71.84      60.41      77.87      40.08      56.20
GV3   64          74.93      74.84      61.76      81.40      44.20      58.84
GV3   80          77.63      77.69      92.58      85.46      50.61      61.82
GV3   96          80.10      79.96      96.85      92.48      55.83      64.30
GV3   112         82.43      82.12      99.18      96.62      63.81      67.79
GV3   128         77.98      77.49     101.87     100.52      70.26      70.28
GV3   256        135.24     135.64     179.71     161.03     134.72     134.93
GV3   512        245.42     246.56     337.99     271.17     244.73     244.81
GV3   1024       465.42     468.41     653.30     491.41     465.27     465.46
GV3   4096      1795.13    1799.32    2548.68    1814.51    1793.77    1790.63

GV4   16          65.10      65.04      50.72      71.29      34.46      48.84
GV4   32          65.37      65.28      57.46      71.68      37.34      50.57
GV4   48          67.69      67.73      60.21      73.31      38.17      52.96
GV4   64          70.11      70.14      59.94      76.56      41.53      54.36
GV4   80          72.57      72.59      89.67      82.19      46.49      57.32
GV4   96          75.24      75.01      92.24      85.25      52.48      59.16
GV4   112         76.67      76.37      95.11      89.12      58.21      62.33
GV4   128         70.83      71.42      96.24      91.64      63.98      64.01
GV4   256        126.94     126.81     169.92     154.63     126.48     126.56
GV4   512        235.43     235.77     318.80     263.15     235.80     235.85
GV4   1024       452.28     452.28     616.50     479.61     452.53     451.37
GV4   4096      1753.91    1756.05    2406.20    1784.80    1756.09    1755.35

GV5   16          64.57      64.58      51.57      71.36      34.66      49.86
GV5   32          64.63      64.63      58.42      71.66      37.31      52.86
GV5   48          66.99      66.99      60.58      72.87      36.81      53.85
GV5   64          68.93      68.94      60.25      74.40      40.00      54.86
GV5   80          71.08      71.09      88.20      77.66      44.76      57.84
GV5   96          73.64      73.64      91.65      81.93      51.46      59.85
GV5   112         75.14      75.18      93.46      85.18      57.67      61.23
GV5   128         70.58      70.61      93.97      87.05      64.95      64.95
GV5   256        125.60     125.60     166.40     145.94     125.61     125.60
GV5   512        233.93     234.01     312.36     257.38     234.05     234.02
GV5   1024       455.76     455.75     604.22     480.82     455.76     455.77
GV5   4096      1799.55    1799.55    2359.31    1825.67    1799.47    1799.47

r8g   16          65.09      65.05      50.64      71.37      34.45      48.85
r8g   32          65.34      65.25      57.43      71.44      37.34      50.57
r8g   48          67.69      67.68      60.20      73.20      38.20      53.27
r8g   64          70.14      70.12      59.94      76.22      41.53      54.36
r8g   80          72.56      72.57      89.34      82.02      46.48      57.36
r8g   96          75.19      75.18      92.20      85.16      52.49      59.73
r8g   112         76.67      76.38      95.09      89.02      58.22      62.31
r8g   128         70.82      71.40      96.20      91.65      63.49      64.22
r8g   256        126.92     126.75     172.50     154.61     126.44     126.61
r8g   512        235.78     235.27     318.69     262.69     235.57     235.85
r8g   1024       452.28     452.14     616.55     479.41     451.34     451.82
r8g   4096      1755.01    1755.88    2406.39    1783.64    1755.92    1755.61

